0	7	56	176	
0	57	12	
0	74	153	
0	76	4	
0	85	110	228	
0	98	24	
0	111	100	220	
0	142	99	219	
0	161	128	246	
0	175	7	
0	185	37	80	157	200	
0	192	142	
0	295	18	133	
0	302	145	
0	305	146	
0	326	13	
0	391	88	104	208	222	
0	398	34	
0	400	39	82	159	202	
0	432	151	
0	528	30	138	147	
0	548	33	41	42	49	53	84	85	89	91	102	140	161	162	169	173	204	205	209	211	
0	549	119	237	
0	571	70	125	190	243	
0	610	113	231	
0	629	28	64	136	184	
0	633	14	35	78	129	155	198	
0	634	0	
0	636	19	26	134	143	152	
0	649	1	
0	706	32	139	149	
0	727	20	
0	731	77	197	
0	782	59	179	
0	796	44	63	66	87	115	123	164	183	186	207	233	241	
0	832	38	81	158	201	
0	862	118	236	
0	864	8	
0	875	97	217	
0	876	94	214	
0	878	127	245	
0	879	106	224	
0	880	47	61	167	181	
0	882	109	122	227	240	
0	883	9	40	83	160	203	
0	884	67	187	
0	911	22	
0	913	16	131	
1	0	164	329	1243	
1	7	553	
1	8	571	
1	9	505	543	577	588	593	
1	14	1315	
1	16	1583	
1	18	1904	
1	26	1870	
1	27	1060	
1	34	1809	
1	35	1763	
1	37	1316	1334	
1	40	1505	1514	
1	42	14	929	1081	1146	1472	1498	1662	1666	
1	43	5	1606	1895	
1	52	473	495	515	529	537	548	598	840	880	
1	59	1735	
1	60	1949	
1	65	1847	1869	1877	
1	68	886	2008	
1	70	926	945	960	1020	1058	
1	71	244	
1	72	820	1041	
1	75	1968	
1	76	139	143	147	304	308	312	475	1235	1251	
1	84	389	502	576	643	739	
1	85	797	1788	
1	87	394	438	
1	88	380	
1	90	569	
1	94	1692	
1	95	1682	1698	1714	1729	1738	1770	
1	96	154	319	887	
1	98	1978	
1	100	1914	
1	101	1043	1049	1128	
1	102	1139	1296	
1	106	172	975	
1	111	1194	
1	112	1562	
1	113	95	115	193	212	422	609	1256	1946	1955	
1	114	1980	
1	115	1991	
1	116	2013	
1	117	30	61	145	226	392	434	437	
1	118	1507	1516	1525	1832	1840	
1	119	21	1372	1383	1539	1579	
1	120	957	1365	
1	122	2027	
1	126	1953	
1	128	1907	
1	129	1633	
1	132	1864	
1	138	1180	
1	139	43	59	219	224	1103	1113	
1	140	58	74	1512	1521	1836	1844	
1	145	919	
1	147	1806	
1	152	1659	1828	
1	161	159	168	324	333	770	1192	1225	1227	
1	162	346	
1	163	1812	
1	164	1761	
1	168	1261	
1	170	1612	1898	1916	
1	180	1728	
1	182	1825	
1	183	1775	1849	1879	
1	185	10	26	469	1068	
1	186	1509	1518	1834	1842	
1	187	923	
1	190	1353	
1	193	1349	
1	201	894	
1	202	668	706	758	793	974	1448	
1	205	1689	1721	
1	207	41	567	1465	1502	1604	
1	210	269	1148	1158	
1	211	1780	
1	212	1211	1567	
1	215	1282	
1	225	2018	
1	232	2017	
1	234	1860	
1	239	165	330	
1	240	85	1449	
1	248	1320	
1	251	664	
1	252	789	1540	1546	
1	258	584	747	
1	263	1769	
1	264	1731	
1	265	698	830	
1	268	654	
1	269	624	1262	
1	274	1438	
1	281	818	
1	285	347	918	1943	
1	289	1254	
1	292	1275	
1	295	1147	1371	1377	1561	1758	
1	297	1577	
1	302	93	189	253	352	383	407	458	467	1099	1181	1216	1677	
1	305	94	
1	311	1394	
1	321	1070	1163	1201	1213	1247	1279	1299	1321	
1	322	1079	1088	1105	1112	1155	1178	1230	1285	1308	
1	324	247	252	259	369	382	388	396	404	440	455	464	490	500	504	641	646	679	738	802	1015	1065	1536	1559	1657	1668	1799	1923	
1	326	7	42	54	70	633	1466	1479	
1	327	1957	
1	328	1600	1617	
1	329	1971	
1	331	1747	
1	332	1710	1814	1929	
1	339	24	101	198	423	509	521	590	610	703	
1	340	1294	
1	341	32	50	66	
1	343	2007	
1	349	971	1418	
1	350	1785	
1	355	734	881	
1	358	1440	
1	369	1875	
1	370	1463	
1	371	1310	
1	373	1940	
1	374	1966	
1	381	884	
1	385	1744	
1	391	482	492	635	933	1302	1486	1538	
1	396	1469	
1	398	372	
1	399	44	60	75	220	225	229	275	278	281	358	361	363	411	414	416	428	594	597	603	688	690	693	695	822	825	827	1046	1048	1104	1114	
1	401	16	
1	419	1200	1229	1246	1298	
1	422	1312	1317	1329	1332	1335	
1	424	1295	
1	427	1610	1623	1883	
1	429	1311	
1	431	1239	
1	444	1205	
1	446	1684	
1	448	2026	
1	450	1970	
1	451	1823	
1	452	1452	
1	454	1503	
1	455	2022	
1	456	1071	1151	1214	1280	1328	
1	458	1681	1687	1697	1703	1713	1719	1733	1737	
1	459	1705	
1	460	1098	1125	1169	
1	462	754	897	
1	466	2009	
1	468	80	251	368	378	420	426	607	617	648	667	792	1028	1052	
1	470	1482	
1	478	471	546	555	565	1421	
1	479	12	76	91	99	119	161	184	215	230	272	326	376	429	484	494	513	562	660	671	683	700	742	784	807	813	831	839	861	879	1343	1357	1431	1439	1455	1458	1460	1543	1545	1556	1569	1585	1608	1672	1821	
1	481	1095	1127	1171	1204	
1	482	1587	
1	484	1589	
1	490	1481	
1	492	585	748	
1	496	1313	1333	
1	507	1781	
1	509	1935	
1	515	1319	
1	516	1857	
1	517	276	
1	518	1959	1961	
1	519	1962	
1	526	1995	
1	528	1091	1115	1120	1160	1198	1231	1244	1292	1300	1309	
1	530	1076	1085	1135	1174	
1	531	350	
1	535	751	890	1444	1602	1890	
1	538	1688	1704	1720	1734	
1	539	896	
1	540	1646	1866	1868	
1	542	1709	1856	1911	
1	544	1570	1963	2014	
1	545	260	882	
1	547	1138	
1	548	1110	
1	549	218	
1	553	1776	
1	556	1499	
1	560	953	1011	1467	1474	1552	1607	1621	1746	1803	1852	1917	
1	561	1816	
1	570	676	749	819	
1	571	174	512	519	637	1304	1488	1554	
1	588	443	
1	593	1	
1	594	1745	
1	600	156	321	
1	607	2025	
1	608	1983	
1	610	1433	1490	
1	613	1034	
1	624	1802	
1	627	1635	
1	629	89	97	117	582	746	
1	631	942	
1	633	8	241	400	451	655	780	915	1066	1336	1461	1596	1938	
1	636	177	236	450	921	1265	1424	
1	644	338	408	459	586	
1	648	1798	
1	649	0	
1	654	121	125	129	286	290	294	
1	657	1535	
1	661	1173	
1	668	1988	
1	669	1992	
1	673	563	
1	677	2003	
1	683	1822	
1	690	1674	
1	693	240	550	559	561	600	1003	1006	1009	1062	1331	
1	695	1359	
1	698	685	809	1030	
1	702	1994	
1	710	157	322	1378	1389	1494	1529	
1	711	19	28	45	127	136	221	301	391	433	436	766	972	1363	
1	713	1678	1766	1805	
1	714	170	234	446	
1	718	518	1301	
1	719	1318	
1	721	557	
1	731	1564	
1	732	1326	1330	
1	733	268	1157	1382	1388	1902	
1	734	238	
1	735	1753	1773	
1	736	1887	
1	741	1523	
1	744	833	1306	
1	751	753	
1	752	580	
1	753	18	266	1580	
1	754	568	
1	755	1922	
1	759	1787	
1	763	1661	1830	
1	764	33	51	67	
1	766	217	
1	770	673	744	783	1342	1420	
1	774	343	
1	776	1613	1626	1630	1636	1643	1648	
1	779	351	
1	782	1909	
1	789	1255	1271	1289	
1	796	662	
1	801	1483	
1	802	1457	
1	803	1976	
1	804	1023	1037	1050	
1	805	934	
1	806	23	256	355	386	1102	1184	1217	
1	807	1756	
1	810	1489	1859	
1	812	544	681	805	932	1018	1269	1427	
1	824	448	613	640	645	
1	832	470	545	956	1702	1718	1732	
1	833	1862	
1	834	944	950	1019	
1	835	1790	
1	836	917	925	
1	840	1109	
1	844	657	687	727	
1	847	1851	
1	850	1346	1428	
1	852	133	151	298	316	756	892	1450	
1	855	844	
1	860	810	1031	
1	862	564	1464	1478	1686	1700	1885	1894	1928	
1	865	675	
1	869	179	366	418	605	1051	1263	1838	
1	870	1625	1629	1642	1647	
1	872	1670	
1	873	798	815	836	843	1453	
1	875	38	56	72	628	1533	1591	1920	
1	876	487	497	940	947	1273	
1	878	3	22	1215	1252	1436	1973	1990	2023	
1	880	190	1998	
1	887	2021	
1	888	1480	
1	890	2010	
1	891	273	356	409	425	460	592	616	1827	1837	
1	894	1324	1575	
1	895	1314	
1	903	2012	
1	906	949	1005	1008	1012	1038	
1	907	1435	1913	
1	908	1793	
1	909	1446	1892	
1	912	1637	
1	913	243	336	402	453	638	677	800	1013	1422	1655	
1	917	976	977	979	982	984	985	986	988	992	995	997	1000	1002	1004	2000	
1	920	710	
1	924	87	480	795	1550	
2	13	288	
2	19	271	
2	20	159	
2	21	144	152	199	209	
2	22	210	
2	28	135	
2	30	96	338	
2	38	300	
2	42	180	193	240	258	
2	76	335	
2	92	198	208	
2	93	147	
2	101	142	303	
2	102	186	239	257	
2	121	82	
2	130	316	322	
2	143	203	232	
2	145	16	67	100	143	225	
2	158	156	204	
2	159	195	
2	163	95	121	
2	212	154	
2	215	32	
2	223	169	
2	230	86	108	
2	233	344	
2	240	190	
2	242	318	
2	243	66	78	91	98	104	117	287	
2	244	111	162	
2	277	15	47	278	
2	278	34	52	60	
2	282	310	
2	285	13	45	64	97	140	216	222	268	
2	286	9	
2	287	3	332	
2	292	30	
2	295	188	
2	301	79	
2	313	55	
2	323	336	
2	324	58	123	172	249	
2	337	297	
2	360	194	
2	400	27	37	179	
2	401	17	
2	433	325	329	341	
2	435	312	
2	444	274	
2	450	339	
2	454	20	51	74	120	230	265	
2	458	307	
2	465	197	
2	474	292	
2	504	146	
2	510	88	
2	514	295	
2	528	75	101	
2	529	14	46	59	65	124	141	173	217	223	250	269	
2	532	313	
2	540	50	264	
2	578	218	
2	582	309	
2	587	127	254	
2	606	69	
2	633	10	61	137	219	
2	636	23	165	
2	649	0	
2	656	289	
2	661	148	234	
2	663	4	
2	664	25	
2	692	202	
2	693	213	
2	696	132	
2	699	270	
2	700	244	
2	701	251	
2	716	294	
2	717	85	107	130	136	
2	729	319	323	
2	743	298	
2	745	301	
2	748	7	
2	753	182	242	
2	765	233	
2	789	224	227	236	246	277	305	
2	827	8	
2	873	207	
2	878	56	92	170	247	
2	879	133	
2	900	39	
2	904	126	175	252	
2	913	21	41	211	260	
2	914	6	
2	918	114	
2	923	291	
3	48	670	
3	51	652	
3	52	55	67	78	95	106	123	134	
3	72	529	
3	76	58	69	80	97	108	153	164	181	185	200	204	219	225	249	255	261	267	271	277	284	288	
3	97	691	
3	98	22	
3	101	690	
3	102	689	
3	108	677	
3	136	49	
3	161	72	100	128	156	192	215	229	243	257	285	315	321	349	355	384	388	423	458	483	489	495	501	533	541	550	565	603	609	612	618	659	
3	185	687	
3	227	35	
3	229	63	86	91	114	119	142	147	170	175	210	
3	245	88	116	144	172	212	
3	253	682	702	
3	295	16	
3	297	634	
3	302	38	295	329	367	400	435	470	516	590	628	
3	338	692	
3	391	673	
3	398	32	
3	399	307	311	341	345	376	380	409	444	479	525	599	643	647	651	
3	414	530	548	563	579	
3	455	39	
3	468	305	339	374	407	442	477	523	597	641	
3	528	28	
3	531	302	336	371	404	439	474	520	594	638	
3	548	31	
3	564	7	
3	566	9	
3	571	365	398	433	468	514	588	
3	601	45	
3	627	51	
3	629	26	297	331	
3	633	0	12	33	291	325	359	392	427	462	508	582	622	664	
3	636	17	24	296	330	368	401	436	471	517	591	629	668	
3	649	4	
3	693	604	613	
3	706	30	
3	714	36	
3	727	18	
3	731	299	333	
3	741	1	
3	777	43	
3	779	303	337	372	405	440	475	521	595	639	
3	806	685	
3	860	532	
3	862	674	697	
3	876	671	
3	878	301	335	370	403	438	473	519	593	637	
3	891	304	338	373	406	441	476	522	596	640	
3	900	41	
3	911	20	
3	913	14	666	
3	916	626	
3	917	308	342	352	377	410	445	480	526	600	644	
4	3	426	468	472	485	497	499	
4	4	363	375	404	409	433	439	
4	22	296	
4	25	830	888	
4	28	868	881	909	
4	29	862	904	
4	41	564	
4	48	646	
4	49	653	
4	51	725	749	759	
4	52	53	437	
4	54	385	389	394	412	424	450	482	490	502	
4	55	441	
4	56	356	370	
4	61	665	681	
4	62	663	
4	69	252	255	257	277	279	309	
4	71	225	245	
4	76	148	221	478	524	532	536	543	643	968	994	
4	78	30	747	877	
4	85	25	
4	91	770	915	
4	92	617	
4	105	399	
4	106	333	661	670	704	
4	107	378	408	438	480	
4	109	1027	
4	110	771	916	
4	113	638	
4	123	635	
4	131	84	157	
4	132	69	
4	170	489	501	
4	173	380	388	467	
4	174	362	
4	175	346	518	773	777	918	922	
4	176	76	
4	177	21	
4	178	28	40	58	72	86	94	95	101	135	156	159	173	188	195	204	211	
4	179	34	45	
4	181	18	
4	187	1047	
4	191	821	
4	198	581	
4	212	300	349	687	693	715	720	754	906	1011	
4	215	168	242	
4	218	675	686	691	698	703	
4	221	1044	
4	222	1028	1035	1039	
4	225	1075	
4	231	802	835	
4	236	1016	
4	237	48	
4	241	692	719	
4	243	795	812	834	866	879	886	
4	244	366	415	
4	247	254	
4	248	185	192	201	208	650	
4	249	339	345	
4	250	594	
4	253	951	
4	261	674	685	690	697	702	
4	262	37	
4	263	379	798	
4	265	55	590	
4	266	1064	
4	273	619	
4	280	390	
4	295	1050	1065	1076	
4	296	513	624	735	
4	299	788	933	
4	302	302	517	732	823	
4	303	430	
4	309	83	114	165	249	256	278	
4	310	67	
4	328	998	1005	
4	336	796	813	
4	339	75	92	
4	340	115	
4	342	328	
4	347	1013	
4	348	623	
4	353	237	265	269	287	291	336	
4	360	776	828	847	864	921	
4	363	567	
4	372	267	271	
4	376	348	
4	379	227	247	
4	391	551	571	
4	395	153	
4	399	781	926	
4	401	657	
4	403	428	436	453	456	
4	420	50	
4	421	110	
4	423	143	
4	425	27	39	57	71	93	134	155	187	194	203	210	
4	430	284	
4	442	421	
4	444	946	960	
4	445	973	
4	446	312	
4	452	183	
4	461	182	
4	469	382	487	
4	475	226	246	
4	488	548	554	604	
4	492	351	506	
4	493	289	293	
4	495	276	
4	497	557	
4	498	181	
4	502	384	393	423	449	481	
4	506	111	
4	508	124	216	
4	510	369	418	
4	516	381	580	
4	528	170	
4	537	342	
4	543	315	
4	544	329	626	769	914	
4	548	24	32	43	178	189	196	205	212	469	498	558	710	766	849	891	
4	549	552	562	625	652	655	752	
4	550	325	
4	557	60	
4	559	371	
4	560	80	948	1025	
4	563	112	
4	566	566	576	
4	570	454	676	
4	571	180	495	602	1074	1085	
4	573	983	
4	579	797	814	
4	586	1001	1034	1046	
4	596	806	832	837	851	869	882	887	893	910	
4	597	826	
4	599	16	
4	602	807	838	
4	603	852	894	
4	613	1051	1054	1066	1070	1077	1081	1087	
4	614	1007	
4	615	996	
4	621	262	
4	626	191	207	
4	633	0	14	217	353	459	539	639	723	791	936	991	
4	636	10	149	222	331	463	492	509	544	579	600	621	644	728	745	819	875	969	
4	642	631	
4	645	307	
4	649	4	
4	664	232	465	
4	665	434	451	
4	666	427	
4	687	151	
4	693	117	138	901	
4	704	940	988	
4	705	1037	1038	
4	712	803	
4	713	1032	
4	715	511	
4	718	1073	1084	
4	720	132	200	
4	724	376	403	432	477	
4	726	1009	
4	728	306	
4	730	1002	1041	1043	
4	731	758	913	
4	733	1053	1069	1080	
4	736	736	
4	740	398	
4	741	1	
4	746	949	
4	747	965	977	
4	748	82	
4	750	49	
4	770	943	
4	771	957	
4	774	1058	
4	776	677	
4	782	899	
4	784	730	
4	793	13	
4	796	761	954	
4	797	121	
4	800	793	
4	801	628	
4	804	1014	
4	812	971	
4	824	507	
4	832	550	561	616	976	
4	838	514	816	
4	840	867	880	908	
4	842	359	
4	854	941	980	986	
4	862	36	372	588	799	964	1006	
4	863	471	473	500	
4	864	373	774	919	
4	872	360	
4	875	22	630	1061	
4	876	234	244	569	593	648	
4	878	11	163	515	
4	879	583	
4	880	310	573	733	765	768	
4	882	841	858	905	
4	883	737	824	1055	
4	885	79	
4	889	78	
4	897	89	98	162	
4	898	800	
4	899	235	260	282	338	
4	902	984	
4	904	1026	
4	905	1022	
4	906	1088	
4	910	618	
4	912	601	
4	913	9	146	219	461	541	641	726	817	966	993	
4	917	268	274	290	
4	918	810	855	897	
4	921	669	
5	21	46	
5	44	659	672	
5	46	294	
5	76	3	21	41	58	76	90	106	122	138	150	163	177	193	207	220	233	246	260	275	289	302	316	328	339	351	362	
5	78	210	223	331	
5	102	295	
5	106	249	365	
5	158	153	
5	202	411	
5	203	598	612	624	646	1348	
5	208	170	186	267	
5	209	156	200	213	226	
5	233	1003	1129	
5	235	722	
5	248	236	278	
5	260	63	113	
5	269	376	730	
5	278	332	
5	279	321	
5	289	93	109	125	166	180	263	305	319	342	354	
5	295	167	183	197	
5	318	264	
5	339	270	
5	346	597	611	
5	351	1166	
5	352	343	
5	361	393	406	428	449	470	492	515	539	562	583	645	
5	400	271	
5	407	503	516	526	540	571	584	
5	438	169	185	199	
5	440	355	
5	443	671	
5	456	371	725	
5	462	17	37	54	72	312	
5	503	437	450	480	493	527	541	610	
5	527	13	31	102	118	134	1326	1337	
5	533	8	26	97	
5	548	82	146	154	159	173	189	203	216	229	238	252	280	309	324	335	368	727	732	739	747	755	763	771	779	787	795	803	811	819	827	855	863	871	879	887	971	999	1004	1012	1020	1028	1036	1044	1052	1060	1068	1076	1084	1092	1100	1108	1116	1124	1130	1138	1146	1154	1162	1167	1175	1183	1191	1199	1207	1215	1233	1241	1249	1261	1279	1297	1315	1323	1334	1345	1349	1361	1373	1385	1399	1403	1423	
5	549	9	27	64	98	114	130	347	358	
5	558	81	129	
5	594	374	384	396	409	419	431	440	453	462	474	484	497	507	520	531	545	553	565	574	587	600	614	626	648	661	674	686	706	724	728	740	748	756	764	772	780	788	796	804	812	820	828	856	864	872	880	888	972	1000	1013	1021	1029	1037	1045	1053	1061	1069	1077	1085	1093	1101	1109	1117	1125	1139	1147	1155	1163	1176	1184	1192	1200	1208	1216	1234	1242	1250	1262	1280	1298	1316	1324	1335	1346	1362	1374	1386	1400	1424	
5	595	733	1005	1131	1168	1350	1404	
5	616	684	
5	622	306	
5	628	370	
5	629	6	24	44	61	79	141	240	282	292	
5	635	224	
5	636	4	22	42	59	77	91	107	123	139	151	164	178	194	208	221	234	247	261	276	290	303	317	329	340	352	363	
5	650	551	563	572	585	
5	700	29	242	
5	703	417	429	438	451	
5	704	459	471	481	494	504	517	528	542	658	
5	770	382	394	407	731	
5	773	373	383	395	408	418	430	439	452	461	473	483	496	506	519	530	544	552	564	573	586	599	613	625	647	660	673	685	705	723	
5	796	94	110	126	181	211	
5	802	196	
5	808	143	
5	854	460	472	482	495	505	518	529	543	1002	1127	1165	
5	856	1402	
5	862	346	357	
5	878	15	35	52	70	310	
5	880	298	
5	902	250	366	
5	908	285	
5	913	1	19	39	56	74	88	104	120	136	148	161	175	191	205	218	231	244	258	273	287	300	314	326	337	349	360	
5	917	704	
5	922	50	
6	5	742	
6	19	1834	
6	30	1346	
6	31	736	
6	39	487	516	531	
6	45	1081	1094	
6	47	781	1118	
6	48	654	695	936	1065	
6	50	716	1047	
6	51	92	
6	52	1216	1231	1272	1303	1311	
6	63	1837	
6	66	1848	1849	1850	1851	
6	76	414	544	1138	1423	1679	1825	1938	
6	78	576	1320	1711	1722	1781	
6	84	1736	
6	85	112	
6	90	178	
6	102	666	1130	
6	106	115	141	167	613	1398	
6	113	63	68	807	827	832	850	1175	
6	128	719	
6	134	36	
6	137	1697	
6	154	775	
6	157	678	689	709	714	
6	158	27	53	
6	161	51	
6	169	501	
6	175	438	
6	184	745	1832	1852	
6	189	1501	
6	190	1659	
6	196	1419	
6	198	361	598	1383	1724	
6	208	218	581	618	1325	1351	1366	1403	1817	
6	209	216	234	251	491	504	1705	
6	212	91	403	777	1114	1473	1783	
6	213	739	
6	215	311	558	981	1152	1809	1828	
6	217	120	127	180	
6	218	171	
6	219	114	
6	220	204	
6	229	1714	
6	236	1089	1097	
6	240	429	457	
6	241	1763	
6	244	344	
6	248	658	760	773	783	940	1013	1088	1240	
6	249	95	554	1148	1186	1199	
6	250	83	398	845	1107	1128	
6	252	1639	
6	253	506	1266	1750	1766	
6	254	1468	
6	255	1853	
6	258	779	1116	
6	260	1511	
6	263	1664	
6	265	139	222	272	395	446	512	586	670	748	786	968	989	1133	1371	1464	1561	1647	
6	267	1200	
6	271	1525	
6	272	194	
6	275	997	998	999	1006	
6	278	313	
6	283	1225	
6	284	863	
6	289	529	677	708	710	1650	
6	292	201	834	
6	295	203	388	816	885	1354	1488	1637	1830	
6	301	364	
6	302	795	1596	1947	
6	304	440	987	
6	306	1039	
6	308	1738	
6	313	732	950	
6	314	1704	
6	315	910	
6	316	978	983	
6	324	717	735	
6	326	1046	
6	339	687	
6	342	295	1263	1758	1965	
6	344	1224	
6	345	1244	1293	1307	
6	353	660	1070	1950	
6	358	1043	
6	363	1217	
6	364	639	1414	
6	365	635	1410	
6	373	611	1396	
6	374	1169	
6	375	964	
6	383	796	
6	391	78	207	280	337	355	1120	1285	1428	1541	1957	
6	395	226	590	1375	
6	396	317	
6	397	42	
6	399	26	30	
6	400	160	494	584	592	1328	1339	1347	1377	1430	1445	1467	1500	1527	1550	
6	401	419	550	563	569	1144	1157	1163	1185	1197	1334	
6	405	1109	
6	406	267	273	
6	408	1049	
6	409	1051	
6	418	3	
6	426	1528	1551	1567	
6	427	316	
6	428	76	547	1141	
6	432	1719	
6	434	1459	
6	436	1431	
6	437	565	1159	1196	
6	438	431	459	1703	
6	439	1743	
6	446	1210	
6	449	1052	
6	452	1847	
6	453	1748	1764	1798	
6	454	220	
6	461	1044	
6	462	17	43	196	483	
6	463	1613	1634	1943	
6	465	442	
6	467	1773	
6	468	24	
6	471	66	
6	473	12	1254	
6	479	444	
6	481	260	
6	483	628	
6	486	1735	
6	494	111	
6	499	1344	
6	500	641	1416	
6	505	262	1173	1799	
6	516	851	1087	1113	
6	527	876	880	1019	1021	1032	1661	
6	531	21	
6	534	159	
6	539	1612	1631	1942	
6	544	56	242	473	1164	
6	545	57	
6	546	870	
6	548	99	108	134	147	190	209	249	261	270	306	384	423	427	450	455	488	509	517	532	683	702	776	838	842	847	858	886	895	901	911	921	942	945	1024	1183	1355	1369	1489	1660	1685	1690	1700	1709	1727	1732	1747	1791	1797	
6	549	94	185	282	292	319	333	340	354	390	762	957	1559	1572	1653	1676	1787	1813	1833	
6	558	335	1522	
6	560	217	
6	565	1110	
6	566	1084	
6	570	135	336	
6	571	214	232	348	464	605	852	1036	1360	1390	1447	1548	1840	1945	
6	573	1251	
6	590	1666	1793	1803	
6	594	363	651	1062	1095	1103	1948	1953	
6	600	219	
6	610	578	600	629	1322	1362	1385	
6	611	746	
6	620	1192	
6	625	620	1405	
6	628	107	133	146	189	841	857	1652	1675	1693	1726	1740	1745	1752	1756	1762	1768	1786	1812	
6	629	266	287	434	1077	1636	
6	631	387	436	648	809	1059	
6	633	9	70	96	205	278	298	314	359	410	484	540	570	642	671	749	787	828	861	969	990	1053	1134	1201	1314	1417	1483	1624	1648	1662	1821	1934	2023	2025	
6	635	350	
6	636	6	74	89	192	230	244	264	302	380	401	415	527	545	556	574	623	646	653	693	728	753	934	952	973	994	1057	1064	1112	1122	1139	1150	1234	1250	1318	1330	1357	1424	1471	1535	1547	1593	1615	1628	1680	1801	1826	1843	1939	
6	641	1236	1537	
6	643	1458	
6	649	0	1609	2028	
6	651	1131	
6	652	1776	
6	653	1669	
6	655	685	
6	659	535	
6	660	1245	1294	1308	
6	662	69	
6	667	86	
6	671	986	
6	706	1699	1708	1717	
6	708	151	
6	709	155	
6	710	432	460	
6	714	18	246	
6	718	1284	
6	731	1462	
6	733	894	
6	738	864	889	960	1492	
6	739	367	393	675	797	
6	742	920	
6	750	518	
6	751	481	1350	1665	
6	756	568	1162	1194	
6	758	1671	1846	
6	760	198	
6	766	617	1402	
6	770	150	
6	771	1440	1454	
6	775	422	449	1030	
6	777	4	
6	779	22	
6	780	326	
6	796	289	329	498	560	874	1154	1437	1457	
6	799	252	
6	800	1485	
6	809	1641	
6	810	148	1332	1701	
6	812	40	304	382	417	975	1426	1682	
6	813	77	549	1143	
6	816	1180	
6	817	637	1412	
6	818	634	1409	
6	819	871	883	966	
6	820	1124	
6	823	704	818	820	823	947	1026	
6	824	1591	
6	828	898	
6	829	900	
6	830	1415	
6	831	636	638	640	1411	1413	
6	832	490	
6	837	1282	
6	838	13	
6	840	1182	
6	842	1207	1215	1221	1230	1248	1259	1271	1289	1296	1302	1310	
6	843	1279	
6	853	113	
6	854	663	1073	1079	
6	860	39	
6	862	318	332	339	
6	874	41	
6	875	668	706	
6	876	80	212	225	285	309	322	358	397	589	656	697	757	770	844	938	1011	1067	1086	1106	1127	1238	1337	1374	1539	1658	1960	
6	877	1630	1941	
6	878	7	20	479	715	793	1616	
6	879	579	601	630	712	725	731	811	1015	1323	1363	1386	1451	1543	
6	880	1597	
6	891	23	
6	894	596	1381	
6	901	1000	
6	902	615	853	1075	1400	1688	
6	909	625	
6	912	163	465	606	902	912	922	1166	1331	1358	1391	1472	1721	1844	
6	913	5	72	300	378	412	542	572	644	691	751	805	830	932	954	971	992	1055	1136	1232	1316	1421	1533	1614	1626	1677	1823	1936	
6	917	31	45	47	100	117	680	690	699	1017	1494	1497	1504	1515	1545	1563	1599	1777	
6	919	1255	
7	1	8	
7	42	9	14	32	130	134	136	179	180	361	413	418	424	435	449	488	502	519	532	538	
7	43	3	7	119	146	494	513	
7	45	342	
7	47	21	454	
7	48	328	
7	51	49	
7	52	37	555	
7	76	45	117	563	
7	102	493	
7	151	131	
7	153	164	
7	158	393	548	556	564	
7	163	416	499	
7	165	530	
7	167	227	
7	175	165	222	
7	188	4	
7	204	373	375	
7	212	34	40	48	92	173	345	381	391	447	473	517	550	558	566	
7	215	144	233	
7	240	97	
7	244	390	
7	248	25	332	458	
7	249	251	265	
7	250	83	214	270	
7	258	475	
7	260	553	
7	265	80	267	
7	276	383	396	
7	288	422	
7	289	38	46	403	
7	295	511	
7	300	411	
7	302	93	
7	313	485	
7	318	234	241	259	290	
7	324	57	124	
7	339	177	463	491	
7	370	150	
7	391	11	161	
7	400	360	
7	401	535	
7	428	204	
7	437	405	
7	462	159	
7	463	156	
7	491	507	
7	501	371	
7	511	444	470	
7	527	245	252	257	261	
7	548	142	244	256	412	440	460	467	479	483	551	559	567	
7	549	27	36	44	52	61	128	197	206	240	264	334	348	357	427	541	554	562	570	
7	558	561	
7	566	69	73	100	343	516	
7	567	347	
7	570	476	
7	571	175	283	452	477	522	
7	590	220	
7	617	536	
7	628	569	
7	631	65	
7	633	15	53	107	111	120	198	322	349	365	397	414	489	524	
7	636	19	90	115	194	202	232	282	326	337	353	369	401	528	
7	649	0	110	
7	658	426	540	
7	659	430	464	544	
7	667	229	
7	700	68	99	355	
7	706	387	
7	707	378	
7	714	192	
7	718	174	
7	723	138	168	
7	731	96	453	523	
7	736	155	
7	741	108	
7	744	287	
7	753	363	420	496	504	
7	756	407	
7	757	112	
7	761	339	
7	762	509	
7	770	139	169	
7	781	226	
7	782	28	
7	796	41	
7	801	148	
7	811	78	
7	812	59	126	
7	813	205	
7	838	249	380	481	
7	840	263	
7	872	135	
7	876	10	23	63	82	211	213	250	269	330	456	
7	878	118	
7	879	384	408	
7	913	17	55	122	200	324	351	367	399	526	
7	914	114	
8	10	253	
8	19	231	
8	24	295	
8	30	280	
8	40	181	
8	42	88	96	132	140	148	169	196	222	239	272	290	305	317	334	339	378	
8	43	7	28	34	39	53	66	80	106	120	218	264	363	
8	45	142	
8	73	47	
8	76	161	
8	107	36	
8	124	32	
8	125	285	
8	146	166	255	
8	148	174	
8	175	234	
8	198	74	
8	228	382	
8	239	86	94	294	301	
8	240	110	112	136	260	288	
8	252	383	
8	253	91	
8	265	60	103	336	
8	281	59	
8	295	85	93	
8	318	330	
8	324	48	71	127	178	189	242	251	281	326	358	401	
8	326	9	213	
8	330	328	
8	339	131	139	315	
8	356	396	
8	366	42	56	63	
8	379	114	
8	380	77	82	
8	391	22	145	154	207	217	263	274	307	
8	399	183	410	412	414	
8	400	27	319	
8	416	197	
8	436	293	300	
8	452	405	
8	461	403	
8	470	374	
8	477	76	81	109	
8	487	83	
8	549	228	
8	560	220	364	
8	566	143	
8	570	57	200	
8	571	101	156	209	221	238	271	276	304	309	356	
8	573	191	
8	590	245	
8	592	170	
8	593	4	
8	604	282	
8	605	291	
8	629	164	203	
8	631	360	
8	633	0	10	67	123	157	185	210	247	277	310	
8	636	18	30	162	
8	644	398	
8	649	3	
8	676	134	
8	688	14	
8	693	268	
8	694	237	
8	696	50	58	225	
8	718	153	206	273	306	
8	721	266	
8	722	298	
8	741	1	
8	753	149	184	
8	758	404	
8	762	129	
8	764	205	
8	800	312	
8	801	375	
8	810	21	144	
8	812	215	
8	841	41	55	
8	860	51	
8	862	26	62	105	216	258	362	
8	863	226	235	
8	876	24	147	
8	878	6	240	
8	880	320	367	377	
8	891	179	407	
8	913	16	45	69	125	159	187	212	223	249	279	324	
8	915	243	
9	6	416	452	
9	17	382	442	
9	23	726	
9	30	540	
9	40	638	
9	42	14	39	49	102	120	141	143	153	182	185	207	210	260	441	468	502	594	727	
9	43	7	63	70	88	140	151	176	199	227	
9	52	404	
9	58	633	
9	76	16	18	457	
9	86	233	
9	92	674	678	682	686	
9	99	551	
9	101	268	558	637	
9	102	6	38	62	101	105	114	119	175	249	471	475	486	490	501	597	601	612	616	624	627	
9	103	445	
9	104	94	
9	111	278	353	354	
9	139	263	
9	143	317	
9	149	671	
9	161	306	339	360	
9	165	543	
9	185	247	
9	186	230	
9	207	314	
9	208	707	713	
9	212	724	
9	226	123	
9	229	525	
9	259	25	
9	265	575	618	
9	267	705	
9	271	183	208	
9	281	74	187	
9	289	83	409	532	623	
9	292	42	
9	293	556	
9	298	146	
9	313	116	
9	324	30	41	54	65	93	107	134	167	178	193	201	214	238	245	394	407	430	460	477	494	513	528	549	564	586	603	
9	326	129	157	
9	334	299	
9	335	393	
9	339	422	
9	366	72	
9	370	121	
9	390	160	
9	391	11	274	294	395	498	
9	398	350	
9	399	264	
9	415	290	
9	417	257	
9	433	291	
9	441	521	
9	444	46	85	411	573	580	
9	447	675	679	683	687	
9	450	19	
9	462	326	373	
9	464	578	621	635	
9	465	677	681	
9	483	437	
9	485	265	
9	489	371	
9	527	694	698	
9	536	162	
9	540	545	
9	541	559	
9	542	379	
9	544	224	431	
9	547	8	36	60	99	173	
9	548	110	204	417	701	704	716	
9	549	337	689	
9	552	346	377	
9	570	75	188	
9	571	302	328	356	362	
9	587	33	
9	590	80	
9	591	240	435	
9	609	216	
9	633	0	26	50	89	130	163	189	222	560	582	
9	636	21	124	669	
9	644	550	
9	649	3	
9	670	380	
9	672	720	
9	673	432	
9	675	524	
9	677	310	
9	679	479	515	534	605	626	708	
9	680	692	
9	681	536	
9	688	427	
9	698	44	66	108	179	202	571	
9	715	282	
9	741	1	
9	748	352	
9	751	706	
9	753	147	252	383	438	453	508	
9	765	318	522	
9	767	285	506	
9	772	17	
9	785	444	
9	786	269	280	309	342	
9	787	135	
9	788	24	
9	789	250	276	295	304	335	358	367	386	414	423	456	466	511	517	546	569	576	592	619	631	
9	791	315	
9	792	23	
9	795	538	541	
9	812	462	496	567	588	
9	814	217	
9	824	127	
9	832	139	
9	838	112	206	
9	860	67	180	
9	861	348	
9	862	59	
9	867	712	
9	873	673	685	
9	875	76	156	213	
9	876	10	
9	878	15	22	277	305	359	368	
9	886	530	
9	891	553	
9	894	221	
9	904	32	56	95	136	169	195	
9	913	28	52	91	132	165	191	405	458	492	526	562	584	667	
9	914	20	
9	915	78	
9	924	262	
10	11	187	200	220	
10	32	257	
10	42	22	496	
10	43	9	
10	53	457	
10	64	269	281	
10	67	471	
10	76	5	
10	89	481	
10	102	8	21	
10	165	163	
10	166	177	197	210	230	373	420	
10	224	433	
10	238	468	
10	244	131	140	261	436	
10	246	406	
10	257	465	
10	265	46	99	168	265	300	363	410	
10	266	459	
10	270	239	
10	281	429	501	
10	282	309	318	
10	289	156	182	215	353	
10	292	344	
10	295	345	
10	302	126	
10	312	455	
10	324	14	33	59	88	112	124	149	247	289	329	485	504	
10	327	135	144	
10	354	53	74	
10	358	319	
10	367	506	
10	368	475	
10	379	339	380	385	
10	385	49	102	
10	391	18	
10	415	307	316	
10	441	41	
10	464	133	142	
10	472	477	
10	476	181	201	214	234	377	424	
10	505	114	
10	540	165	188	221	
10	568	63	
10	570	502	
10	580	180	184	213	233	376	379	423	
10	581	217	236	384	
10	583	172	176	205	209	225	229	368	372	415	419	
10	585	482	
10	612	479	
10	631	295	
10	633	0	10	85	145	243	285	325	388	442	
10	636	392	
10	638	134	143	
10	639	6	
10	649	3	
10	674	90	
10	675	44	
10	679	35	61	160	185	218	
10	681	154	
10	696	360	
10	697	381	386	427	439	
10	698	338	402	488	
10	725	467	
10	737	322	
10	741	1	
10	753	28	
10	765	42	94	324	507	
10	767	26	
10	769	451	
10	783	493	
10	789	31	37	50	64	70	78	97	103	116	127	128	137	153	166	169	189	202	222	242	253	255	258	263	266	270	278	293	301	333	341	357	364	398	400	405	408	411	425	437	448	492	512	
10	791	251	396	
10	794	305	314	
10	795	157	161	183	186	216	219	336	348	355	378	383	
10	798	175	195	208	228	371	418	
10	812	16	151	249	291	331	394	
10	815	178	198	211	231	374	421	
10	824	122	
10	839	310	
10	846	93	
10	858	130	139	
10	859	72	80	
10	860	403	441	489	
10	862	250	395	
10	878	7	
10	879	428	440	
10	896	454	
10	908	296	320	
10	913	12	147	245	287	327	390	483	
10	914	4	
